1.563408037584682053e-01 3.197385418996661482e-02 -3.575315383095323263e-02 -7.551202079491961539e-03 8.092135982761655688e-02 1.516292876821849767e-01 -5.110904337982464379e-02 1.759078694739373006e-02
3.197385418996661482e-02 1.113595897642098292e-01 -7.105063119274250549e-02 -9.847792374511937785e-02 -2.636807959514995692e-01 1.262230079498225799e-01 -8.159524192317153812e-02 3.238124354433339486e-02
-3.575315383095323263e-02 -7.105063119274250549e-02 5.526729806272150824e+00 -1.222505009394436459e-01 2.156761466500163038e-01 6.105330356889322463e-01 -1.884911207184100379e-01 5.802846235482415072e-01
-7.551202079491961539e-03 -9.847792374511937785e-02 -1.222505009394436459e-01 5.358841376888661578e+00 7.907211344663929165e-01 -4.747298330163349234e-01 1.950234583872337835e-01 7.674201300189449626e-02
8.092135982761655688e-02 -2.636807959514995692e-01 2.156761466500163038e-01 7.907211344663929165e-01 1.363388528874378736e+01 -2.819378016490062144e+00 1.078743937142722376e-01 2.569002649709901109e-01
1.516292876821849767e-01 1.262230079498225799e-01 6.105330356889322463e-01 -4.747298330163349234e-01 -2.819378016490062144e+00 5.156619530714542599e+00 -7.808067625867092243e-01 1.675728071254485974e+00
-5.110904337982464379e-02 -8.159524192317153812e-02 -1.884911207184100379e-01 1.950234583872337835e-01 1.078743937142722376e-01 -7.808067625867092243e-01 3.113303798643002551e+00 -1.990443706597358364e+00
1.759078694739373006e-02 3.238124354433339486e-02 5.802846235482415072e-01 7.674201300189449626e-02 2.569002649709901109e-01 1.675728071254485974e+00 -1.990443706597358364e+00 6.700406630328284763e+00
