1.568970918722547570e-01 3.225170354471625783e-02 -3.609889048532083367e-02 -7.800837253309099092e-03 8.694299714150670322e-02 1.539798895834372794e-01 -5.223955225650293160e-02 1.963797533324864938e-02
3.225170354471625783e-02 1.111048331699018565e-01 -6.666588154605457284e-02 -9.795739787090215756e-02 -2.609136775613155046e-01 1.244026110921464257e-01 -8.055430358629915577e-02 3.149456307391732685e-02
-3.609889048532083367e-02 -6.666588154605457284e-02 5.783439445800104828e+00 -1.054666602243655854e-01 1.554045241734340610e-01 6.250854312672492474e-01 -1.988017585654763830e-01 5.632710603860449083e-01
-7.800837253309099092e-03 -9.795739787090215756e-02 -1.054666602243655854e-01 5.449897374406267758e+00 7.928183622885278670e-01 -4.778489362799664408e-01 2.053381626802063542e-01 6.042330467031533509e-02
8.694299714150670322e-02 -2.609136775613155046e-01 1.554045241734340610e-01 7.928183622885278670e-01 1.355263353773987944e+01 -2.597631335384007034e+00 1.194308440616891204e-01 2.691231852963963389e-01
1.539798895834372794e-01 1.244026110921464257e-01 6.250854312672492474e-01 -4.778489362799664408e-01 -2.597631335384007034e+00 4.978098857072437156e+00 -7.941944909583847911e-01 1.675728650642841711e+00
-5.223955225650293160e-02 -8.055430358629915577e-02 -1.988017585654763830e-01 2.053381626802063542e-01 1.194308440616891204e-01 -7.941944909583847911e-01 3.074748304442503688e+00 -1.955971251627599550e+00
1.963797533324864938e-02 3.149456307391732685e-02 5.632710603860449083e-01 6.042330467031533509e-02 2.691231852963963389e-01 1.675728650642841711e+00 -1.955971251627599550e+00 6.638955151299498425e+00
